NC_004917.1	1799146	86	0
NC_007795.1	2821361	632	0
NZ_KB944666.1	2806553	900	0
NZ_KB944667.1	4841	0	0
NZ_KB944668.1	58987	2	0
NZ_BBIX01000009.1	671026	1296140	0
NZ_BBIX01000008.1	854302	1643168	0
NZ_BBIX01000007.1	21295	18366	0
NZ_BBIX01000006.1	814831	1700632	0
NZ_BBIX01000005.1	18018	11968	0
NZ_BBIX01000004.1	14392	10220	0
NZ_BBIX01000003.1	14977	15426	0
NZ_BBIX01000002.1	11561	7476	0
NZ_BBIX01000001.1	14144	10236	0
NZ_CP033844.1	5864574	1114	0
NZ_CP033845.1	6078	4	0
NZ_CP033846.1	8424	0	0
NZ_CP040863.1	2607636	22616	0
*	0	0	0
