NC_004917.1	1799146	542	0
NC_007795.1	2821361	9259	0
NZ_KB944666.1	2806553	3134	0
NZ_KB944667.1	4841	0	0
NZ_KB944668.1	58987	0	0
NZ_BBIX01000009.1	671026	215	0
NZ_BBIX01000008.1	854302	297	0
NZ_BBIX01000007.1	21295	0	0
NZ_BBIX01000006.1	814831	485	0
NZ_BBIX01000005.1	18018	0	0
NZ_BBIX01000004.1	14392	0	0
NZ_BBIX01000003.1	14977	0	0
NZ_BBIX01000002.1	11561	4	0
NZ_BBIX01000001.1	14144	0	0
NZ_CP033844.1	5864574	4413	0
NZ_CP033845.1	6078	20	0
NZ_CP033846.1	8424	40	0
NZ_CP040863.1	2607636	1109	0
*	0	0	0
