NC_004917.1	1799146	81	0
NC_007795.1	2821361	648	0
NZ_KB944666.1	2806553	811	0
NZ_KB944667.1	4841	0	0
NZ_KB944668.1	58987	0	0
NZ_BBIX01000009.1	671026	1290459	0
NZ_BBIX01000008.1	854302	1631858	0
NZ_BBIX01000007.1	21295	18638	0
NZ_BBIX01000006.1	814831	1681359	0
NZ_BBIX01000005.1	18018	12157	0
NZ_BBIX01000004.1	14392	10751	0
NZ_BBIX01000003.1	14977	16035	0
NZ_BBIX01000002.1	11561	8564	0
NZ_BBIX01000001.1	14144	11210	0
NZ_CP033844.1	5864574	2349	0
NZ_CP033845.1	6078	4	0
NZ_CP033846.1	8424	2	0
NZ_CP040863.1	2607636	54258	0
*	0	0	0
