NC_004917.1	1799146	81	0
NC_007795.1	2821361	627	0
NZ_KB944666.1	2806553	810	0
NZ_KB944667.1	4841	0	0
NZ_KB944668.1	58987	0	0
NZ_BBIX01000009.1	671026	1275793	0
NZ_BBIX01000008.1	854302	1613910	0
NZ_BBIX01000007.1	21295	18688	0
NZ_BBIX01000006.1	814831	1662115	0
NZ_BBIX01000005.1	18018	11981	0
NZ_BBIX01000004.1	14392	10689	0
NZ_BBIX01000003.1	14977	15684	0
NZ_BBIX01000002.1	11561	8521	0
NZ_BBIX01000001.1	14144	10858	0
NZ_CP033844.1	5864574	2288	0
NZ_CP033845.1	6078	4	0
NZ_CP033846.1	8424	2	0
NZ_CP040863.1	2607636	53616	0
*	0	0	0
